   Class    Bachelor      Master        Doctorate 
PR   I-A  1  7,500,000                            
     I-B  2  8,150,000                            
     I-C  3  9,100,000                            
     I-D  4 10,000,000                            
MU  II-A  5 10,900,000  1 11,450,000              
    II-B  6 11,850,000  2 12,500,000              
    II-C  7 12,750,000  3 13,500,000              
    II-D  8 13,700,000  4 14,550,000              
MA III-A  9 14,600,000  5 15,550,000  1 18,500,000
   III-B 10 15,500,000  6 16,550,000  2 19,600,000
   III-C 11 16,450,000  7 17,600,000  3 20,700,000
   III-D 12 17,350,000  8 18,600,000  4 21,800,000
UT  IV-A 13 18,300,000  9 19,650,000  5 22,950,000
    IV-B 14 19,200,000 10 20,650,000  6 24,050,000
    IV-C 15 20,100,000 11 21,650,000  7 25,150,000
    IV-D 16 21,050,000 12 22,700,000  8 26,250,000
KE   V-A 17 21,950,000 13 23,700,000  9 27,350,000
     V-B 18 22,850,000 14 24,750,000 10 28,450,000
     V-C 19 23,800,000 15 25,750,000 11 29,600,000
     V-D 20 24,700,000 16 26,750,000 12 30,700,000
PE  VI-A 21 25,650,000 17 27,800,000 13 31,800,000
    VI-B 22 26,550,000 18 28,800,000 14 32,900,000
    VI-C 23 27,450,000 19 29,850,000 15 34,000,000
    VI-D 24 28,400,000 20 30,850,000 16 35,150,000
    VI-E 25 29,300,000 21 31,850,000 17 36,250,000

PR = Ahli Pratama
MU = Ahli Muda
MA = Ahli Madya
UT = Ahli Utama
KE = Ahli Kepala
PE = Ahli Pembina Kepala
