   Class    Bachelor      Master        Doctorate 
PR   I-A  1                                       
     I-B  2                                       
     I-C  3 12,350,000                            
     I-D  4 13,850,000                            
MU  II-A  5 15,350,000  1 15,650,000              
    II-B  6 16,850,000  2 17,500,000              
    II-C  7 18,350,000  3 19,300,000              
    II-D  8 19,800,000  4 21,150,000              
MA III-A  9 21,300,000  5 22,950,000  1 25,950,000
   III-B 10 22,800,000  6 24,800,000  2 27,900,000
   III-C 11 24,300,000  7 26,600,000  3 30,000,000
   III-D 12 25,800,000  8 28,450,000  4 31,950,000
UT  IV-A 13 27,250,000  9 30,250,000  5 33,900,000
    IV-B 14 28,750,000 10 32,050,000  6 35,850,000
    IV-C 15 30,250,000 11 33,900,000  7 37,950,000
    IV-D 16 31,750,000 12 35,700,000  8 39,900,000
KE   V-A 17 33,250,000 13 37,550,000  9 41,850,000
     V-B 18 34,700,000 14 39,350,000 10 43,800,000
     V-C 19 36,200,000 15 41,200,000 11 45,900,000
     V-D 20 37,700,000 16 43,000,000 12 47,850,000
PE  VI-A 21 39,200,000 17 44,800,000 13 49,800,000
    VI-B 22 40,650,000 18 46,650,000 14 51,750,000
    VI-C 23 42,150,000 19 48,450,000 15 53,850,000
    VI-D 24 43,650,000 20 50,300,000 16 55,800,000
    VI-E 25 45,150,000 21 52,100,000 17 57,750,000

PR = Ahli Pratama
MU = Ahli Muda
MA = Ahli Madya
UT = Ahli Utama
KE = Ahli Kepala
PE = Ahli Pembina Kepala
