   Class    Bachelor      Master        Doctorate 
PR   I-A  1                                       
     I-B  2                                       
     I-C  3 13,050,000                            
     I-D  4 14,550,000                            
MU  II-A  5 15,900,000  1 16,500,000              
    II-B  6 17,400,000  2 18,300,000              
    II-C  7 18,900,000  3 20,250,000              
    II-D  8 20,400,000  4 22,050,000              
MA III-A  9 21,400,000  5 23,850,000  1 27,300,000
   III-B 10 23,400,000  6 25,650,000  2 29,250,000
   III-C 11 24,900,000  7 27,450,000  3 31,350,000
   III-D 12 26,400,000  8 29,250,000  4 33,300,000
UT  IV-A 13 27,900,000  9 31,050,000  5 35,250,000
    IV-B 14 29,400,000 10 33,000,000  6 37,200,000
    IV-C 15 30,900,000 11 34,800,000  7 39,300,000
    IV-D 16 32,400,000 12 36,600,000  8 41,250,000
KE   V-A 17 33,900,000 13 38,400,000  9 43,200,000
     V-B 18 35,400,000 14 40,200,000 10 43,800,000
     V-C 19 36,750,000 15 42,000,000 11 45,900,000
     V-D 20 38,250,000 16 43,800,000 12 47,850,000
PE  VI-A 21 39,750,000 17 45,750,000 13 49,800,000
    VI-B 22 41,250,000 18 47,550,000 14 51,750,000
    VI-C 23 42,750,000 19 49,350,000 15 53,850,000
    VI-D 24 44,250,000 20 51,150,000 16 55,800,000
    VI-E 25 45,750,000 21 52,950,000 17 57,750,000

PR = Ahli Pratama
MU = Ahli Muda
MA = Ahli Madya
UT = Ahli Utama
KE = Ahli Kepala
PE = Ahli Pembina Kepala
