   Class    Bachelor      Master        Doctorate 
PR   I-A  1                                       
     I-B  2                                       
     I-C  3 13,350,000                            
     I-D  4 14,850,000                            
MU  II-A  5 16,350,000  1 17,100,000              
    II-B  6 17,850,000  2 18,900,000              
    II-C  7 19,350,000  3 20,850,000              
    II-D  8 20,850,000  4 22,650,000              
MA III-A  9 22,350,000  5 24,450,000  1 26,550,000
   III-B 10 23,850,000  6 26,250,000  2 28,500,000
   III-C 11 25,350,000  7 28,050,000  3 30,600,000
   III-D 12 26,850,000  8 29,850,000  4 32,550,000
UT  IV-A 13 28,350,000  9 31,800,000  5 34,500,000
    IV-B 14 29,850,000 10 33,600,000  6 36,450,000
    IV-C 15 31,350,000 11 35,400,000  7 38,550,000
    IV-D 16 32,850,000 12 37,200,000  8 40,500,000
KE   V-A 17 34,350,000 13 39,000,000  9 42,450,000
     V-B 18 35,850,000 14 40,950,000 10 44,400,000
     V-C 19 37,350,000 15 42,750,000 11 46,500,000
     V-D 20 38,850,000 16 44,550,000 12 48,450,000
PE  VI-A 21 40,350,000 17 46,350,000 13 50,400,000
    VI-B 22 41,850,000 18 48,150,000 14 52,350,000
    VI-C 23 43,350,000 19 49,950,000 15 54,450,000
    VI-D 24 44,850,000 20 51,900,000 16 56,400,000
    VI-E 25 46,350,000 21 53,700,000 17 58,350,000

PR = Ahli Pratama
MU = Ahli Muda
MA = Ahli Madya
UT = Ahli Utama
KE = Ahli Kepala
PE = Ahli Pembina Kepala
