   Class    Bachelor      Master        Doctorate 
PR   I-A  1                                       
     I-B  2                                       
     I-C  3 13,650,000                            
     I-D  4 15,150,000                            
MU  II-A  5 16,650,000  1 17,550,000              
    II-B  6 18,150,000  2 19,350,000              
    II-C  7 19,650,000  3 21,150,000              
    II-D  8 21,150,000  4 22,950,000              
MA III-A  9 22,650,000  5 24,750,000  1 27,300,000
   III-B 10 24,150,000  6 26,550,000  2 29,250,000
   III-C 11 25,650,000  7 28,500,000  3 31,200,000
   III-D 12 27,150,000  8 30,300,000  4 33,150,000
UT  IV-A 13 28,650,000  9 32,100,000  5 35,250,000
    IV-B 14 30,150,000 10 33,900,000  6 37,200,000
    IV-C 15 31,650,000 11 35,700,000  7 39,150,000
    IV-D 16 33,150,000 12 37,650,000  8 41,100,000
KE   V-A 17 34,650,000 13 39,450,000  9 43,200,000
     V-B 18 36,150,000 14 41,250,000 10 45,150,000
     V-C 19 37,650,000 15 43,050,000 11 47,100,000
     V-D 20 39,150,000 16 44,850,000 12 49,050,000
PE  VI-A 21 40,650,000 17 46,650,000 13 51,150,000
    VI-B 22 42,150,000 18 48,600,000 14 53,100,000
    VI-C 23 43,650,000 19 50,400,000 15 55,050,000
    VI-D 24 45,150,000 20 52,200,000 16 57,000,000
    VI-E 25 46,650,000 21 54,000,000 17 59,100,000

PR = Ahli Pratama
MU = Ahli Muda
MA = Ahli Madya
UT = Ahli Utama
KE = Ahli Kepala
PE = Ahli Pembina Kepala
