   Class    Bachelor      Master        Doctorate 
PR   I-A  1                                       
     I-B  2                                       
     I-C  3 14,700,000                            
     I-D  4 16,200,000                            
MU  II-A  5 17,700,000  1 18,300,000              
    II-B  6 19,200,000  2 20,100,000              
    II-C  7 20,700,000  3 22,050,000              
    II-D  8 22,200,000  4 23,850,000              
MA III-A  9 23,700,000  5 25,650,000  1 28,650,000
   III-B 10 25,200,000  6 27,450,000  2 30,600,000
   III-C 11 26,700,000  7 29,250,000  3 32,550,000
   III-D 12 28,200,000  8 31,050,000  4 34,650,000
UT  IV-A 13 29,700,000  9 33,000,000  5 36,600,000
    IV-B 14 31,200,000 10 34,800,000  6 38,550,000
    IV-C 15 32,700,000 11 36,600,000  7 40,500,000
    IV-D 16 34,200,000 12 38,400,000  8 42,600,000
KE   V-A 17 35,700,000 13 40,200,000  9 44,550,000
     V-B 18 37,200,000 14 42,000,000 10 46,500,000
     V-C 19 38,700,000 15 43,950,000 11 48,450,000
     V-D 20 40,200,000 16 45,750,000 12 50,550,000
PE  VI-A 21 41,700,000 17 47,550,000 13 52,500,000
    VI-B 22 43,200,000 18 49,350,000 14 54,450,000
    VI-C 23 44,700,000 19 51,150,000 15 56,400,000
    VI-D 24 46,200,000 20 52,950,000 16 58,500,000
    VI-E 25 47,700,000 21 54,900,000 17 60,450,000

PR = Ahli Pratama
MU = Ahli Muda
MA = Ahli Madya
UT = Ahli Utama
KE = Ahli Kepala
PE = Ahli Pembina Kepala
