      Bachelor      Master        Doctorate 
PR  1                                       
    2                                       
    3 16,750,000                            
    4 18,250,000                            
MU  5 19,750,000  1 27,250,000              
    6 21,250,000  2 29,250,000              
    7 22,750,000  3 31,000,000              
    8 24,250,000  4 32,750,000              
MA  9 25,750,000  5 34,750,000  1 39,000,000
   10 27,250,000  6 36,500,000  2 41,000,000
   11 28,750,000  7 38,250,000  3 43,000,000
   12 30,250,000  8 40,250,000  4 45,000,000
UT 13 31,750,000  9 42,000,000  5 47,000,000
   14 33,250,000 10 44,000,000  6 49,000,000
   15 34,750,000 11 45,750,000  7 51,000,000
   16 36,250,000 12 47,500,000  8 53,000,000
   17 37,750,000 13 49,500,000  9 55,000,000
   18 39,250,000 14 51,250,000 10 57,000,000
   19 40,750,000 15 53,000,000 11 59,000,000
   20 42,250,000 16 55,000,000 12 61,000,000
   21 43,750,000 17 56,750,000 13 63,000,000
   22 45,250,000 18 58,500,000 14 65,000,000
   23 46,750,000 19 60,500,000 15 67,000,000
   24 48,250,000 20 62,250,000 16 69,000,000
   25 49,750,000 21 64,000,000 17 71,000,000

PR = Ahli Pratama
MU = Ahli Muda
MA = Ahli Madya
UT = Ahli Utama
