UT MA MU TA Bachelor      Master        Doctorate 
          1                                       
          2                                       
       1  3 17,250,000                            
       2  4 18,750,000                            
       3  5 20,250,000  1 28,000,000              
       4  6 21,750,000  2 30,000,000              
    1  5  7 23,250,000  3 31,750,000              
    2  6  8 24,750,000  4 33,500,000  1 40,000,000
    3  7  9 26,250,000  5 35,500,000  2 42,000,000
    4  8 10 27,750,000  6 37,250,000  3 44,000,000
 1  5  9 11 29,250,000  7 39,000,000  4 46,000,000
 2  6 10 12 30,750,000  8 41,000,000  5 48,000,000
 3  7 11 13 32,250,000  9 42,750,000  6 50,000,000
 4  8 12 14 33,750,000 10 44,500,000  7 52,000,000
 5  9 13 15 35,250,000 11 46,500,000  8 54,000,000
 6 10 14 16 36,750,000 12 48,250,000  9 56,000,000
 7 11 15 17 38,250,000 13 50,000,000 10 58,000,000
 8 12 16 18 39,750,000 14 52,000,000 11 60,000,000
 9 13 17 19 41,250,000 15 53,750,000 12 62,000,000
10 14 18 20 42,750,000 16 55,500,000 13 64,000,000
11 15 19 21 44,250,000 17 57,500,000 14 66,000,000
12 16 20 22 45,750,000 18 59,250,000 15 68,000,000
13 17 21 23 47,250,000 19 61,000,000 16 70,000,000
14 18 22 24 48,750,000 20 63,000,000 17 72,000,000
15 19 23 25 50,250,000 21 64,750,000 18 74,000,000

TA = Tenaga Ahli
MU = Ahli Muda
MA = Ahli Madya
UT = Ahli Utama
