UT MA MU TA Bachelor      Master        Doctorate 
          1                                       
          2                                       
       1  3 17,750,000                            
       2  4 19,250,000                            
       3  5 20,750,000  1 29,250,000              
       4  6 22,250,000  2 31,000,000              
    1  5  7 23,750,000  3 32,750,000              
    2  6  8 25,250,000  4 34,750,000  1 41,750,000
    3  7  9 26,750,000  5 36,500,000  2 43,750,000
    4  8 10 28,250,000  6 38,250,000  3 45,750,000
 1  5  9 11 29,750,000  7 40,250,000  4 47,750,000
 2  6 10 12 31,250,000  8 42,000,000  5 49,750,000
 3  7 11 13 32,750,000  9 43,750,000  6 51,750,000
 4  8 12 14 34,250,000 10 45,750,000  7 53,750,000
 5  9 13 15 35,750,000 11 47,500,000  8 55,750,000
 6 10 14 16 37,250,000 12 49,250,000  9 57,750,000
 7 11 15 17 38,750,000 13 51,250,000 10 59,750,000
 8 12 16 18 40,250,000 14 53,000,000 11 61,750,000
 9 13 17 19 41,750,000 15 54,750,000 12 63,750,000
10 14 18 20 43,250,000 16 56,750,000 13 65,750,000
11 15 19 21 44,750,000 17 58,500,000 14 67,750,000
12 16 20 22 46,250,000 18 60,250,000 15 69,750,000
13 17 21 23 47,750,000 19 62,250,000 16 71,750,000
14 18 22 24 49,250,000 20 64,000,000 17 73,750,000
15 19 23 25 50,750,000 21 66,000,000 18 75,750,000

TA = Tenaga Ahli
MU = Ahli Muda
MA = Ahli Madya
UT = Ahli Utama
