UT MA MU TA Bachelor   Master     Doctorate 
          1            22,500,000 29,000,000
          2            24,500,000 31,000,000
       1  3 18,000,000 26,250,000 33,000,000
       2  4 19,500,000 28,000,000 35,000,000
    1  3  5 21,000,000 30,000,000 37,000,000
    2  4  6 22,500,000 31,750,000 39,000,000
    3  5  7 24,000,000 33,500,000 41,000,000
 1  4  6  8 25,500,000 35,500,000 43,000,000
 2  5  7  9 27,000,000 37,250,000 45,000,000
 3  6  8 10 28,500,000 39,000,000 47,000,000
 4  7  9 11 30,000,000 41,000,000 49,000,000
 5  8 10 12 31,500,000 42,750,000 51,000,000
 6  9 11 13 33,000,000 44,500,000 53,000,000
 7 10 12 14 34,500,000 46,500,000 55,000,000
 8 11 13 15 36,000,000 48,250,000 57,000,000
 9 12 14 16 37,500,000 50,000,000 59,000,000
10 13 15 17 39,000,000 52,000,000 61,000,000
11 14 16 18 40,500,000 53,750,000 63,000,000
12 15 17 19 42,000,000 55,500,000 65,000,000
13 16 18 20 43,500,000 57,500,000 67,000,000
14 17 19 21 45,000,000 59,250,000 69,000,000
15 18 20 22 46,500,000 61,000,000 71,000,000
16 19 21 23 48,000,000 63,000,000 73,000,000
17 20 22 24 49,500,000 64,750,000 75,000,000
18 21 23 25 51,000,000 66,500,000 77,000,000

TA = Tenaga Ahli Tanpa SKA
MU = Ahli Muda
MA = Ahli Madya
UT = Ahli Utama
