UT MA MU TA Bachelor   Master     Doctorate 
          1            23,750,000 30,250,000
          2            25,500,000 32,250,000
       1  3 18,500,000 27,250,000 34,250,000
       2  4 20,000,000 29,250,000 36,250,000
    1  3  5 21,500,000 31,000,000 38,250,000
    2  4  6 23,000,000 32,750,000 40,250,000
    3  5  7 24,500,000 34,750,000 42,250,000
 1  4  6  8 26,000,000 36,500,000 44,250,000
 2  5  7  9 27,500,000 38,250,000 46,250,000
 3  6  8 10 29,000,000 40,250,000 48,250,000
 4  7  9 11 30,500,000 42,000,000 50,250,000
 5  8 10 12 32,000,000 43,750,000 52,250,000
 6  9 11 13 33,500,000 45,750,000 54,250,000
 7 10 12 14 35,000,000 47,500,000 56,250,000
 8 11 13 15 36,500,000 49,250,000 58,250,000
 9 12 14 16 38,000,000 51,250,000 60,250,000
10 13 15 17 39,500,000 53,000,000 62,250,000
11 14 16 18 41,000,000 54,750,000 64,250,000
12 15 17 19 42,500,000 56,750,000 66,250,000
13 16 18 20 44,000,000 58,500,000 68,250,000
14 17 19 21 45,500,000 60,250,000 70,250,000
15 18 20 22 47,000,000 62,250,000 72,250,000
16 19 21 23 48,500,000 64,000,000 74,250,000
17 20 22 24 50,000,000 65,750,000 76,250,000
18 21 23 25 51,500,000 67,750,000 78,250,000

TA = Tenaga Ahli Tanpa SKA
MU = Ahli Muda
MA = Ahli Madya
UT = Ahli Utama
