UT MA MU TA Bachelor   Master     Doctorate 
          1            24,500,000 31,500,000
          2            26,500,000 33,500,000
       1  3 19,000,000 28,250,000 35,500,000
       2  4 20,500,000 30,000,000 37,500,000
    1  3  5 22,000,000 32,000,000 39,500,000
    2  4  6 23,500,000 33,750,000 41,500,000
    3  5  7 25,000,000 35,750,000 43,500,000
 1  4  6  8 26,500,000 37,500,000 45,500,000
 2  5  7  9 28,000,000 39,250,000 47,500,000
 3  6  8 10 29,500,000 41,250,000 49,500,000
 4  7  9 11 31,000,000 43,000,000 51,500,000
 5  8 10 12 32,500,000 44,750,000 53,500,000
 6  9 11 13 34,000,000 46,750,000 55,500,000
 7 10 12 14 35,500,000 48,500,000 57,500,000
 8 11 13 15 37,000,000 50,250,000 59,500,000
 9 12 14 16 38,500,000 52,250,000 61,500,000
10 13 15 17 40,000,000 54,000,000 63,500,000
11 14 16 18 41,500,000 55,750,000 65,500,000
12 15 17 19 43,000,000 57,750,000 67,500,000
13 16 18 20 44,500,000 59,500,000 69,500,000
14 17 19 21 46,000,000 61,250,000 71,500,000
15 18 20 22 47,500,000 63,250,000 73,500,000
16 19 21 23 49,000,000 65,000,000 75,500,000
17 20 22 24 50,500,000 66,750,000 77,500,000
18 21 23 25 52,000,000 68,750,000 79,500,000

TA = Tenaga Ahli Tanpa SKA
MU = Ahli Muda
MA = Ahli Madya
UT = Ahli Utama
