UT MA MU Bachelor   Master     Doctorate 
       1 21,950,000 30,400,000 38,500,000
       2 23,500,000 32,300,000 40,450,000
    1  3 25,050,000 34,200,000 42,450,000
    2  4 26,600,000 36,100,000 44,450,000
    3  5 28,150,000 38,000,000 46,450,000
 1  4  6 29,650,000 39,900,000 48,450,000
 2  5  7 31,200,000 41,800,000 50,450,000
 3  6  8 32,750,000 43,650,000 52,450,000
 4  7  9 34,300,000 45,550,000 54,450,000
 5  8 10 35,850,000 47,450,000 56,450,000
 6  9 11 37,350,000 49,350,000 58,450,000
 7 10 12 38,900,000 51,250,000 60,450,000
 8 11 13 40,450,000 53,150,000 62,450,000
 9 12 14 42,000,000 55,050,000 64,400,000
10 13 15 43,550,000 56,950,000 66,400,000
11 14 16 45,050,000 58,850,000 68,400,000
12 15 17 46,600,000 60,750,000 70,400,000
13 16 18 48,150,000 62,650,000 72,400,000
14 17 19 49,700,000 64,550,000 74,400,000
15 18 20 51,250,000 66,450,000 76,400,000
16 19 21 52,750,000 68,300,000 78,400,000
17 20 22 54,300,000 70,200,000 80,400,000
18 21 23 55,850,000 72,100,000 82,400,000
19 22 24 57,400,000 74,000,000 84,400,000
20 23 25 58,950,000 75,900,000 86,400,000

TA Bachelor   Master     Doctorate 
 1            26,600,000 34,500,000
 2            28,500,000 36,500,000
 3 21,950,000 30,400,000 38,500,000
 4 23,500,000 32,300,000 40,450,000
 5 25,050,000 34,200,000 42,450,000
 6 26,600,000 36,100,000 44,450,000
 7 28,150,000 38,000,000 46,450,000
 8 29,650,000 39,900,000 48,450,000
 9 31,200,000 41,800,000 50,450,000
10 32,750,000 43,650,000 52,450,000
11 34,300,000 45,550,000 54,450,000
12 35,850,000 47,450,000 56,450,000
13 37,350,000 49,350,000 58,450,000
14 38,900,000 51,250,000 60,450,000
15 40,450,000 53,150,000 62,450,000
16 42,000,000 55,050,000 64,400,000
17 43,550,000 56,950,000 66,400,000
18 45,050,000 58,850,000 68,400,000
19 46,600,000 60,750,000 70,400,000
20 48,150,000 62,650,000 72,400,000
21 49,700,000 64,550,000 74,400,000
22 51,250,000 66,450,000 76,400,000
23 52,750,000 68,300,000 78,400,000
24 54,300,000 70,200,000 80,400,000
25 55,850,000 72,100,000 82,400,000

TA = Tenaga Ahli Tanpa SKA
MU = Ahli Muda
MA = Ahli Madya
UT = Ahli Utama
