UT MA MU Bachelor   Master     Doctorate 
       1 24,550,000 32,350,000 41,300,000
       2 26,100,000 34,250,000 43,300,000
    1  3 27,650,000 36,100,000 45,300,000
    2  4 29,150,000 38,000,000 47,300,000
    3  5 30,700,000 39,900,000 49,300,000
 1  4  6 32,250,000 41,800,000 51,300,000
 2  5  7 33,800,000 43,700,000 53,300,000
 3  6  8 35,350,000 45,600,000 55,300,000
 4  7  9 36,850,000 47,500,000 57,300,000
 5  8 10 38,400,000 49,400,000 59,300,000
 6  9 11 39,950,000 51,300,000 61,250,000
 7 10 12 41,500,000 53,200,000 63,250,000
 8 11 13 43,050,000 55,100,000 65,250,000
 9 12 14 44,550,000 57,000,000 67,250,000
10 13 15 46,100,000 58,850,000 69,250,000
11 14 16 47,650,000 60,750,000 71,250,000
12 15 17 49,200,000 62,650,000 73,250,000
13 16 18 50,750,000 64,550,000 75,250,000
14 17 19 52,300,000 66,450,000 77,250,000
15 18 20 53,800,000 68,350,000 79,250,000
16 19 21 55,350,000 70,250,000 81,250,000
17 20 22 56,900,000 72,150,000 83,200,000
18 21 23 58,450,000 74,050,000 85,200,000
19 22 24 60,000,000 75,950,000 87,200,000
20 23 25 61,500,000 77,850,000 89,200,000

TA Bachelor   Master     Doctorate 
 1            28,550,000 37,300,000
 2            30,450,000 39,300,000
 3 24,550,000 32,350,000 41,300,000
 4 26,100,000 34,250,000 43,300,000
 5 27,650,000 36,100,000 45,300,000
 6 29,150,000 38,000,000 47,300,000
 7 30,700,000 39,900,000 49,300,000
 8 32,250,000 41,800,000 51,300,000
 9 33,800,000 43,700,000 53,300,000
10 35,350,000 45,600,000 55,300,000
11 36,850,000 47,500,000 57,300,000
12 38,400,000 49,400,000 59,300,000
13 39,950,000 51,300,000 61,250,000
14 41,500,000 53,200,000 63,250,000
15 43,050,000 55,100,000 65,250,000
16 44,550,000 57,000,000 67,250,000
17 46,100,000 58,850,000 69,250,000
18 47,650,000 60,750,000 71,250,000
19 49,200,000 62,650,000 73,250,000
20 50,750,000 64,550,000 75,250,000
21 52,300,000 66,450,000 77,250,000
22 53,800,000 68,350,000 79,250,000
23 55,350,000 70,250,000 81,250,000
24 56,900,000 72,150,000 83,200,000
25 58,450,000 74,050,000 85,200,000

TA = Tenaga Ahli Tanpa SKA
MU = Ahli Muda
MA = Ahli Madya
UT = Ahli Utama
